2	;	4082300070538
4	;	4082300394580
5	;	4082300559026
6	;	NEWSUN-0130303244
7	;	AHT-013710
13	;	AHT-013940
15	;	AHT-013940C
17	;	7450076082531
19	;	4861553182454
21	;	FR-1132     
29	;	FR-1242     
32	;	7450103050588
34	;	745007608592685
38	;	FT-1197     
41	;	YWK-0483-23-260
44	;	YWK-0488-23-260
45	;	27450076049736
46	;	YWK-05233315
48	;	FR-3103     
49	;	7450076046564
52	;	4047025081016
53	;	NEWSUN-10''
212	;	4013790268051
213	;	4013790268051
216	;	7450076085259
218	;	7450076085235
219	;	7450076077049
234	;	4013790257055
238	;	4549250013515
244	;	NEWSUN-12''
253	;	YWK-R5985A-0.25
254	;	YWK-R5986A-0.25
255	;	YWK-R5985A-0.50
256	;	YWK-R5986A-0.50
257	;	YWK-R5986A-0.75
260	;	YWK-R5985A-STD
261	;	YWK-R5986A-STD
272	;	YWK-R5983A-0.25
273	;	YWK-R5983-0.50
274	;	YWK-R5983-0.7
281	;	YWK-M5983A-0.25
282	;	YWK-M5983A-0.50
283	;	YWK-M5983A-0.75
288	;	YWK-M5985A-0.25
289	;	YWK-M5985A-0.50
290	;	YWK-M5986A-0.25
291	;	YWK-M5986A-0.50
292	;	YWK-M5986A-STD
295	;	YWK-12300-82820-0.25
296	;	YWK-12300-82820-STD
297	;	YWK-M5987A-0.25
299	;	3413520031558
301	;	7450076031058
308	;	7007604470607
310	;	3413520709631
311	;	7450076063448
312	;	7450076065671
313	;	7450076072969
314	;	7450103093103
316	;	7450076072556
317	;	27450076049613
318	;	YWK-12891-86512
320	;	27450076082856
324	;	7450076080971
327	;	130C13130R1
328	;	130C17480R1
329	;	130C17529R1
332	;	1326060BTO
335	;	7450076068290
336	;	7450076076639
337	;	7450103079091
338	;	7450076072358
339	;	7450076083453
340	;	7450076076400
341	;	7450076065794
342	;	7450103093059
344	;	7450076068665
347	;	NEWSUN-14"
353	;	150103110R
360	;	7450076031171
362	;	4013790235053
365	;	7450076052015
372	;	7450103015952
374	;	YWK-16100-70810-000
377	;	YWK-16100-73001
379	;	YWK-16100-82811
380	;	16100-85FA2
381	;	7450076070149
382	;	7450076050516
383	;	1527295
387	;	7450076052169
388	;	7450076020854
389	;	7450076052190
390	;	7450076076509
391	;	7450076075670
393	;	7450076052213
404	;	17600-82850ñ0221ñ1
405	;	7450076044645
410	;	7450076075427
415	;	7450076069549
417	;	7450076084658
419	;	3165141149661
420	;	3165141149661
421	;	1203
422	;	900008190000000168
424	;	288510728168
426	;	71133
429	;	210101832R1
430	;	7450076052275
431	;	7450076052282
433	;	7450076052299
435	;	YWK-21310-02550
438	;	21310-22010
441	;	224336134R1
442	;	27450076049590
443	;	YWK-22231-37110
447	;	7450076044638
448	;	7450076067262
450	;	7450076084726
459	;	42511140004
460	;	7450076055115
461	;	42511140509
462	;	42511110663
465	;	7450076076844
467	;	7450076066166
468	;	7450103030276
469	;	7450076088335
470	;	23710-63B10
471	;	7450076088359
473	;	8435050602119
481	;	7450103031082
482	;	7450076070606
483	;	7450076065053
485	;	7450103081186
486	;	7450103057049
488	;	AWP-CH-24439798
489	;	7450076080902
490	;	7450076045475
491	;	7450076088762
492	;	7450076088748
493	;	7450103062802
494	;	17450103073058
495	;	YWK-24610-22010
497	;	YWK-24610-32824
498	;	7450076068153
501	;	7450076094442
509	;	7450076055313
517	;	7450076052336
518	;	2510004010        0001
519	;	PHB-032
521	;	7450076052343
522	;	7450076052350
524	;	AHT-25186687
525	;	7450076059014
528	;	3413520342807
529	;	3413520342951
530	;	7450076098440
536	;	7450076099669
555	;	9100003799
556	;	7450076049282
560	;	7450076074703
561	;	7702045342031
562	;	7702045342048
563	;	7702045342062
564	;	7450076067125
567	;	7450076055993
568	;	7450076083293
569	;	4549250090049
590	;	7007603101007
591	;	7450076060249
593	;	7450076060263
594	;	7450076065022
604	;	7450076072174
607	;	4549250016981
608	;	7450076077056
610	;	4549250121692
611	;	4549250012303
612	;	4549250121777
614	;	4549250121791
615	;	7450076071153
616	;	7450076045840
617	;	30610-H8800
628	;	7450076092219
635	;	7450076063950
637	;	7450076085181
638	;	7450076065824
651	;	4549250017544
652	;	450076076035
654	;	7450076093582
658	;	7450076060010
659	;	4549250017773
660	;	7450076066081
661	;	4549250017810
662	;	7450076072525
664	;	7450076065596
666	;	8435050603628
669	;	7450076080827
670	;	Y134370S2
672	;	Y112939S2
675	;	Y120155S2
680	;	A009727S2
681	;	A009728S2
682	;	A009729S2
683	;	A009730S2
684	;	A009726S2
687	;	7450076070545
701	;	Y108804S2
703	;	Y149634S2
706	;	Y146416S2
708	;	A000851S2
709	;	Y148495S2
711	;	4047024026155
712	;	4047024026162
713	;	4047024026186
714	;	4047024026193
715	;	4047024026209
716	;	4047024026223
717	;	4047024026230
718	;	4047024029200
719	;	4047025127059
720	;	4047025127073
722	;	4047025127110
724	;	7898544298761
725	;	3413520927189
726	;	3413520927028
727	;	3413520927127
728	;	7898544290321
729	;	7898544290321
732	;	8435050604939
733	;	inj528
734	;	354
738	;	Y123555S2
739	;	Y123571S2
740	;	Y154337S2
741	;	Y144130S2
742	;	Y155813S2
743	;	Y155326S2
744	;	Y155334S2
745	;	Y155342S2
746	;	Y155359S2
749	;	A005078S2
752	;	A005081S2
753	;	A005077S2
759	;	7450076072518
760	;	4549250127540
761	;	369
763	;	7450076082616
768	;	8435050606049
769	;	37521-36G25
770	;	4549250128110
773	;	4082300279375
774	;	4082300279498
775	;	4082300397130
789	;	51977601066
800	;	7450076061413
801	;	7450076052916
803	;	7450076079135
804	;	7450076069075
805	;	7450076085242
806	;	7450076079876
807	;	3276424023537
819	;	3413520738365
820	;	8435050607367
821	;	8435050618226
836	;	8435050631119
837	;	8435050626139
838	;	Y145665S2
839	;	Y144544S2
840	;	Y151523S2
845	;	7450076093612
846	;	7450076087048
848	;	3413520957674
851	;	Y142563S2
855	;	Y142571S2
856	;	Y142613S2
860	;	A008786S2
861	;	A008784S2
862	;	7450103003157
865	;	7450076044508
866	;	7450076147483
867	;	7450076094824
868	;	7450076063516
869	;	7450076061529
870	;	7450076061598
871	;	7450076101454
872	;	7450103069955
874	;	7450076066784
875	;	4549250014048
879	;	7450076048070
881	;	7450076068603
887	;	7450076083095
889	;	7450076099928
913	;	4082300688375
914	;	4082300217858
917	;	7450076072501
918	;	7450076048063
920	;	FT-8001
922	;	4014870031503
923	;	4014870031329
924	;	7450076083675
925	;	7450076047769
926	;	7450076047813
928	;	7450076059854
929	;	7450103050625
931	;	7450076072419
933	;	7450103041135
934	;	4013790211057
937	;	545001Y100 0001
939	;	54551-25000
943	;	*04040453
944	;	7450103082435
947	;	79340005648
950	;	FR-6226     
955	;	4549250140075
966	;	4549250143052
968	;	4549250143700
970	;	4549250144370
971	;	7450076072341
972	;	2007604867808
974	;	27450076048500
977	;	37450076048118
978	;	27450076056505
979	;	7450076056006
981	;	4549250150357
984	;	4549250150456
985	;	4549250150579
989	;	4549250151163
991	;	4549250151811
993	;	4549250152641
996	;	4549250153464
1001	;	4549250155413
1003	;	3413520127312
1005	;	4549250156427
1006	;	4549250155772
1008	;	4549250157394
1009	;	7450076098570
1010	;	4549250156748
1011	;	7450076093575
1012	;	4549250156748
1013	;	3413520129774
1014	;	7450076073447
1015	;	4549250158391
1018	;	4549250165061
1019	;	7450076072334
1021	;	7450076085785
1022	;	7007605897007
1023	;	4549250165252
1026	;	4549250166020
1028	;	4549250166495
1030	;	4549250166990
1032	;	4549250167720
1036	;	4549250167379
1038	;	4549250168536
1040	;	4549250169571
1041	;	7450076061208
1042	;	4549250169595
1043	;	7450076064445
1044	;	4549250169113
1046	;	4549250170263
1047	;	7007607231007
1048	;	4549250170010
1049	;	7450076061185
1050	;	4549250171079
1051	;	7450076075366
1052	;	4549250170591
1053	;	7450076072303
1054	;	4549250170683
1055	;	4013790234056
1056	;	4013790240057
1058	;	7450076072952
1062	;	7450076066142
1063	;	7450076074284
1064	;	7450076060096
1065	;	7450076050806
1077	;	7450076055900
1078	;	7450076068214
1086	;	7450076072624
1088	;	NEWSUN-7701-349271
1089	;	AWP-GWR-03A
1090	;	AWP-RE-10A
1092	;	77014767451
1093	;	77014770241
1094	;	77016935761
1103	;	YWK-T313A-STD
1104	;	YWK-R809A-0.25
1105	;	YWK-R809A-0.50
1106	;	YWK-R809A-0.75
1107	;	YWK-R809A-STD
1109	;	7450076084665
1110	;	FR-3106     
1112	;	82005686711
1113	;	82007026931
1114	;	7450103001160
1116	;	7450076098464
1134	;	YWK-8-94101-041-0-0.25
1135	;	YWK-8-94101-041-0-0.50
1136	;	YWK-8-94101-041-0-0.75
1138	;	7450076052374
1145	;	7007604793607
1146	;	7450076069099
1147	;	7450076106022
1149	;	7450076106022
1152	;	YWK-8-94202-463-1
1156	;	YWK-T500A-STD
1159	;	7450076049367
1161	;	7450076065817
1162	;	7007605930407
1164	;	8-94218-061-0-025ñ0482ñ1
1166	;	7450076059311
1172	;	456987102
1173	;	456987102
1176	;	74450076088724
1178	;	8-94408-840-2
1182	;	YWK-M5022A-0.25
1183	;	YWK-M5022A-0.50
1192	;	8944674720
1194	;	7450103110237
1196	;	8-94482-406-0
1198	;	7450076075861
1199	;	7450076084627
1201	;	7450076067347
1202	;	8-97220043-0
1203	;	7450076056679
1204	;	7450076064131
1208	;	8-97942296-0
1212	;	7450076052404
1214	;	7450076075885
1215	;	8802983220107
1216	;	4013790396051
1217	;	7450076047776
1219	;	4013790361059
1221	;	7450076076561
1222	;	4013790397058
1223	;	7450076063301
1224	;	7450076052428
1225	;	YWK-9020303
1228	;	7450103118000
1229	;	7450076067088
1230	;	7450076048407
1231	;	7450076064056
1232	;	7450076066852
1234	;	7450076051209
1235	;	7450076077063
1237	;	YWK-90411568
1240	;	7450103091130
1241	;	7450076061048
1243	;	YWK-90570919
1244	;	7450076077957
1245	;	90915YZZD2  4
1246	;	90915YZZD4  6
1247	;	7450076049213
1249	;	7450103118097
1250	;	7450076092325
1251	;	7450076064322
1252	;	7450076045260
1254	;	7450076075892
1257	;	7450076072402
1259	;	YWK-93219507
1260	;	YWK-93227504-0.50
1261	;	YWK-93227504-0.75
1263	;	YWK-93227504-0.25
1264	;	YWK-9322504-1.00
1265	;	YWK-93227504-STD
1266	;	93227504-100ñ0482ñ1
1271	;	7450076052749
1275	;	6953925906183
1279	;	7450076031133
1280	;	950-0125-L
1281	;	950-0125-L
1284	;	7450076067118
1285	;	NEWSUN-96144448
1286	;	7450076061512
1290	;	27450076049620
1291	;	YWK-96184997
1293	;	7450076058079
1294	;	7450076092165
1302	;	7450076068276
1303	;	AHT-96350585
1304	;	NEW-D006OP 96386934%J%J%J
1305	;	YWK-96350159
1308	;	NEWSUN-96395500 
1311	;	7450076094633
1312	;	7450076134735
1313	;	AWP-96416294
1314	;	7450076132120
1318	;	7450076087918
1319	;	7450076075519
1320	;	7450103013569
1322	;	96476983ñ0221ñ1
1331	;	NEWSUN-218-0604-01
1333	;	C6970 - 0
1335	;	YWK-96951781
1339	;	YWK-96992000
1359	;	9100261274
1360	;	1232443895067
1363	;	31508277588
1366	;	31508718692
1367	;	31508434523
1368	;	31508412972
1369	;	31508412965
1370	;	31508708624
1371	;	31508232433
1372	;	31508708686
1373	;	31508407619
1397	;	9100251879
1398	;	9100251756
1400	;	31508278028
1401	;	31508265172
1402	;	31508708617
1408	;	AWP-1578
1409	;	AWP-1585
1410	;	AWP-RN-7700105378
1411	;	AWP-1659
1412	;	AWP-RN-7701472182
1413	;	AWP-1334142
1414	;	AWP-DW13A
1415	;	AWP-GMG-92A
1416	;	AWP-HY19A
1417	;	AWP-IS01A
1418	;	AWP-IS-22A 
1419	;	AWP-GWMZ-21A
1420	;	AWP-MZ29A
1423	;	AWP-MZ-35A
1424	;	AWP-MZ-39A
1425	;	AWP-MZ-41A
1426	;	AWP-N40A
1427	;	AWP-N42A
1428	;	AWP-GWS-03A
1429	;	AWP-GWS-08A
1431	;	AWP-GWS-15A
1432	;	AWP-S16A
1433	;	AWP-SU-27A
1434	;	AWP-T-67
1435	;	31508232501
1436	;	31508426733
1439	;	7450076050714
1440	;	7450076038545
1441	;	4861553182034
1442	;	B01MG3G1GG
1443	;	4861553182935
1448	;	4861553184427
1449	;	H100886-1
1450	;	4861553184489
1451	;	4861553184649
1455	;	7450076052435
1458	;	7450076061086
1459	;	87295111110
1460	;	87295151105
1461	;	YWK-B8289-37-0.25
1462	;	YWK-B8289-37-0.50
1463	;	87295124116
1464	;	87295155103
1465	;	7897707505395
1468	;	7450076030976
1469	;	7450076065725
1470	;	7450076052725
1471	;	7897707505944
1472	;	7897707505944
1473	;	87295135242
1474	;	87295161302
1475	;	7897707505692
1476	;	87295123300
1504	;	87295169537
1505	;	87295170908
1506	;	7897707511907
1507	;	87295163412
1508	;	87295139677
1509	;	5648169728912
1510	;	789707506361
1512	;	7897707509171
1514	;	87295120873
1515	;	87295125267
1516	;	7897707505715
1517	;	7897707505715
1518	;	7897707511969
1519	;	87295163412
1520	;	87295136966
1522	;	87295126677
1524	;	7897707508945
1525	;	87295169926
1526	;	BL62-41-400
1527	;	87295159217
1529	;	7897707505425
1530	;	87295169285
1531	;	7897707505999
1532	;	87295136119
1533	;	87295165119
1534	;	7897707506040
1536	;	87295141113
1537	;	87295178119
1538	;	7897707506040
1539	;	87295145111
1540	;	7897707506309
1541	;	87295144244
1543	;	7897707505722
1544	;	87295130285
1545	;	87295164273
1547	;	4580281460473
1548	;	31508232464
1549	;	31508708648
1558	;	7450076069587
1560	;	AHT-C1Z-500
1561	;	7450076050042
1562	;	ZNEW COO-C1Z-500
1567	;	C7790 - 0
1568	;	5648169728400
1569	;	7897707505517
1573	;	7450076040913
1574	;	7450076042498
1575	;	7450076045918
1576	;	7450076046694
1578	;	7450076032581
1579	;	7450076046625
1580	;	7450076031270
1581	;	7450076031089
1582	;	7450076042184
1583	;	7450076059373
1584	;	7450076032550
1585	;	7450076032604
1586	;	7450076045833
1587	;	7450076045949
1588	;	7450076031294
1589	;	7450076051537
1590	;	7450076031096
1591	;	7450076031287
1592	;	7450076038729
1593	;	7450076048780
1594	;	7450076046748
1595	;	7450076071467
1596	;	7450076031102
1597	;	7450076038927
1598	;	7450076071337
1599	;	7450076038910
1600	;	7450076073478
1601	;	7450076059557
1603	;	4549250004551
1620	;	87295112755
1621	;	7897707509874
1622	;	7450076048896
1623	;	7450076055986
1624	;	4580281460732
1630	;	5648169728325
1631	;	7897707505524
1632	;	87295171127
1634	;	4549250006005
1635	;	4549250006098
1636	;	4549250006241
1637	;	4549250006362
1638	;	7450076032567
1639	;	4549250225154
1640	;	4549250006784
1641	;	7450076038224
1642	;	4549250224003
1643	;	4549250006906
1644	;	4549250007040
1645	;	4549250223594
1648	;	87295139325
1649	;	7897707511280
1651	;	4549250008634
1652	;	609843100580
1653	;	609843943880
1654	;	7450076038385
1655	;	DMP030003
1657	;	87295158296
1683	;	7450076132205
1684	;	7450076081763
1685	;	YWK-E301-14-151
1686	;	7450076061093
1687	;	7450076059441
1688	;	YWK-M822A2-0.25
1689	;	YWK-M822A2-0.50
1690	;	YWK-M822A2-0.75
1691	;	YWK-M822A2-1.0
1692	;	YWK-M822A2-STD
1696	;	7450103075451
1697	;	7450076081442
1699	;	7450076072167
1707	;	YWK-E580-14-100A
1709	;	7450076038460
1711	;	E828 - 2
1712	;	E828 - 0
1714	;	E828HBH - 0
1715	;	E8635 - 2
1716	;	E8635 - 0
1719	;	E9260 - 2
1721	;	4861553184441
1723	;	27450076071881
1739	;	7891009040240
1743	;	NEWSUN-F201-15-150
1748	;	7450076059007
1751	;	F801-14-100-E
1753	;	YWK-R8111A-0.25
1754	;	YWK-R8111A-0.50
1755	;	YWK-R8111A-0.75
1756	;	YWK-R8111A-STD
1757	;	YWK-M811A2-0.25
1758	;	YWK-M811A2-0.50
1759	;	YWK-M811A2-0.75
1760	;	YWK-M822A2-1.0
1761	;	YWK-M811A2-STD
1763	;	4547359690613
1766	;	7450076065206
1768	;	7450076065930
1769	;	51977024711
1772	;	H105720-1
1775	;	3165141077179
1776	;	3165143134344
1777	;	3165143134382
1778	;	3165143134283
1782	;	7450076076622
1783	;	YWK-FS01-14-100
1785	;	FS01-14-100E
1786	;	H105876-1
1787	;	H105878-1
1788	;	H105884-1
1789	;	H105885-1
1791	;	ZNEW COO-FT019A1
1792	;	AHT-FT019A1
1796	;	YWK-G5-153X
1825	;	3413520895570
1835	;	83286123458
1836	;	7450076127034
1838	;	83286123458
1839	;	83286123458
1844	;	GJ83-41-400
1845	;	GJ83-41-400
1846	;	7450076101409
1861	;	4580281462101
1862	;	4580281462279
1894	;	7450076095739
1917	;	7450103045867
1927	;	GUD-84
1974	;	L14-93385845
1992	;	4013790302052
1993	;	4013790305084
1995	;	4013790306081
1996	;	4013790303059
1999	;	4013790399052
2004	;	20637300168
2006	;	4963811170033
2007	;	7450076031232
2014	;	7450076094824
2025	;	4549250019012
2026	;	7450076031065
2028	;	4580281461821
2029	;	4580281461838
2040	;	87295114643
2042	;	7450076055917
2046	;	8436034410102
2047	;	8436034410164
2048	;	87295972878
2050	;	4547359693447
2051	;	45473559082906
2068	;	7450076064711
2069	;	42511319141
2070	;	42511313040
2071	;	42511319448
2072	;	42511312142
2073	;	42511312142
2074	;	4013790205056
2083	;	745007606736
2084	;	7450076065688
2086	;	KD685 - 2
2098	;	KH660 - 0
2108	;	KK672 - 0
2110	;	YWK-KL01-12-101B
2114	;	549874132160
2128	;	7450076061109
2138	;	7897707511501
2141	;	87295965696
2142	;	7450076064315
2144	;	7450076071474
2145	;	4580281461654
2148	;	87295115787
2150	;	7897707511884
2151	;	7450076083088
2193	;	M713 - 2
2194	;	M713 - 3
2195	;	M713 - 4
2196	;	M713 - 0
2198	;	M776HB - 2
2199	;	M776HB - 0
2200	;	M7811 - 2
2201	;	M7811 - 0
2225	;	M8605 - 2
2228	;	M8611 - 2
2235	;	7450103050700
2236	;	YWK-GUM-81
2240	;	7450076052466
2244	;	7450076052473
2245	;	7450076098457
2246	;	7450076093681
2247	;	7450076077087
2248	;	7007606611107
2249	;	MD154258
2251	;	7450076068580
2252	;	7450103100153
2253	;	7450076069013
2254	;	7450076064308
2256	;	7450076086539
2259	;	7450103078681
2260	;	ZNEW COO-MIC-2000
2262	;	609843228932
2263	;	609843101402
2264	;	609843211446
2265	;	609843202055
2266	;	MOP1019
2278	;	7450076088595
2329	;	7450076049336
2334	;	OK933-14-100
2336	;	YWK-OK933-14-100
2339	;	4954514951180
2343	;	15010-21001
2344	;	4954514951258
2349	;	P065-25-310
2350	;	*03614440
2351	;	7450076127898
2353	;	4013790315052
2355	;	8426306571112
2357	;	4013790325082
2360	;	4013790316080
2369	;	42511326446
2374	;	87295163764
2375	;	87295151181
2386	;	4580281462286
2387	;	4580281462316
2389	;	4580281462347
2394	;	4549250042027
2396	;	4549250042270
2401	;	42511319141
2402	;	42511501645
2403	;	42511300743
2459	;	4549250044069
2460	;	4549250044076
2461	;	4549250044236
2462	;	4549250044267
2465	;	4549250044380
2466	;	4549250044311
2467	;	4549250044397
2468	;	4549250044533
2471	;	4549250043659
2472	;	4549250043727
2473	;	4549250043673
2489	;	7450076062267
2494	;	S6806 - 0
2495	;	S7402 - 2
2496	;	S7402 - 3
2497	;	S7402/3 - 4
2498	;	S7402 - 0
2499	;	S7402/3 - 2
2501	;	S7402L - 2
2503	;	S7415 - 2
2504	;	S7415 - 0
2506	;	S7520 - 0
2507	;	S7521 -  2
2511	;	42511344440
2512	;	7897707500864
2514	;	87295938157
2516	;	42511342149
2523	;	7450103050717
2621	;	7450076050318
2628	;	72053880151
2630	;	72053050219
2633	;	42511502444
2634	;	4013790982056
2635	;	72053169935
2636	;	72053247770
2666	;	7450103001504
2681	;	7450076082258
2688	;	YWK-TW-2008A-0.25
2690	;	YWK-TW-2008A-STD
2696	;	42511417403
2698	;	42511040069
2699	;	42511041967
2701	;	42511412606
2704	;	7898936860743
2710	;	UC86-41-920
2715	;	UE38-41-920
2724	;	42511303140
2725	;	42511303249
2727	;	42511303447
2728	;	42511306646
2729	;	42511602205
2730	;	42511402508
2731	;	42511403000
2732	;	4580281450023
2733	;	4580281450085
2735	;	4580281450146
2736	;	7450076045758
2737	;	4580281450290
2738	;	4580281450313
2739	;	4580281450450
2740	;	
2750	;	7450076038132
2751	;	7450076031997
2752	;	7450076048827
2753	;	7450076031041
2755	;	7450076030938
2756	;	7450076031126
2757	;	7450076030921
2758	;	7450076030945
2760	;	H104448-1
2761	;	7450076066678
2769	;	H104541-1
2777	;	3165141077193
2778	;	3165143134245
2779	;	3165143134184
2780	;	7450076092172
2783	;	H104591-1
2784	;	4580281450931
2785	;	4580281451136
2786	;	4580281451327
2788	;	42511409309
2789	;	42511040991
2791	;	42511041035
2793	;	9100044235
2794	;	9100044655
2796	;	42511317901
2797	;	42511344549
2866	;	8-94459-730-1
2867	;	8-94215-196-2
2870	;	B3C7E-14-100B
2877	;	7450076068870
2883	;	87295122624
2884	;	87295142912
2885	;	7450076059120
2889	;	M776B - 3
2890	;	S7402/3-3 
2892	;	N7606 - 0
2905	;	42511531741
2906	;	42511041585
2907	;	42511309340
2908	;	42511041035
2909	;	42511041271
2910	;	724469424071